31,7
0,546
31,4
34,5
35,4
33,24
33,23
33,22
33,21
33,20
33,19
35,7
25,5
0,545
0,544
0,474
54,35
10,308
10,152
10,72
10,242
10,244
10,230
10,284
10,128
11,26
11,7
11,19
11,21
11,13
9,4
9,6
8,8
8,4
41,3
41,1
39,11
39,10
39,6
39,5
39,4
39,3
39,1
35,9
35,8
35,6
35,5
35,3
35,1
34,4
34,3
34,1
33,18
33,8
33,7
33,5
33,4
33,3
33,1
31,5
31,3
31,1
30,4
30,3
30,1
29,4
29,3
29,1
28,5
28,4
28,3
28,1
27,5
27,4
27,3
27,1
26,4
26,3
26,1
25,4
25,3
25,1
24,4
24,3
24,1
20,3
20,2
20,1
19,3
19,2
19,1
14,5
12,3
12,2
12,1
11,29
11,27
11,22
11,18
11,16
11,11
11,9
11,3
11,2
11,1
10,209
10,185
10,175
10,149
18,1
10,131
18,3
10,117
10,81
10,77
10,3
10,2
14,1
